val/ILSVRC2015_val_00000000/000000.JPEG 417,7,606,172,26
val/ILSVRC2015_val_00000000/000001.JPEG 419,14,609,179,26
val/ILSVRC2015_val_00000000/000002.JPEG 423,19,611,190,26
val/ILSVRC2015_val_00000000/000003.JPEG 424,24,613,197,26
val/ILSVRC2015_val_00000000/000004.JPEG 430,28,620,200,26
val/ILSVRC2015_val_00000000/000005.JPEG 432,28,622,200,26
val/ILSVRC2015_val_00000000/000006.JPEG 434,29,624,200,26
val/ILSVRC2015_val_00000000/000007.JPEG 437,30,626,201,26
val/ILSVRC2015_val_00000000/000008.JPEG 439,31,628,201,26
val/ILSVRC2015_val_00000000/000009.JPEG 441,32,630,201,26
val/ILSVRC2015_val_00000000/000010.JPEG 444,33,632,202,26
val/ILSVRC2015_val_00000000/000011.JPEG 446,32,632,200,26
val/ILSVRC2015_val_00000000/000012.JPEG 448,32,634,202,26
val/ILSVRC2015_val_00000000/000013.JPEG 451,32,640,204,26
val/ILSVRC2015_val_00000000/000014.JPEG 455,32,645,199,26
val/ILSVRC2015_val_00000000/000015.JPEG 458,34,648,201,26
val/ILSVRC2015_val_00000000/000016.JPEG 462,36,652,204,26
val/ILSVRC2015_val_00000000/000017.JPEG 466,39,656,207,26
val/ILSVRC2015_val_00000000/000018.JPEG 470,41,660,209,26
val/ILSVRC2015_val_00000000/000019.JPEG 474,43,664,212,26