21 0.539062 0.435417 0.567187 0.270833 0.571295
21 0.537109 0.432639 0.564844 0.2625 0.635053
21 0.5375 0.431944 0.564062 0.258333 0.500669
58 0.742578 0.163194 0.327344 0.326389 0.258981
21 0.539453 0.434722 0.567969 0.266667 0.635424
21 0.537891 0.43125 0.566406 0.259722 0.714201
21 0.537891 0.43125 0.563281 0.254167 0.575089
58 0.742578 0.1625 0.325781 0.325 0.260828
21 0.539453 0.435417 0.567969 0.265278 0.638816
21 0.537891 0.43125 0.566406 0.256944 0.71313
21 0.537891 0.43125 0.563281 0.254167 0.581462
58 0.742188 0.1625 0.325 0.325 0.260418
21 0.437891 0.425 0.367969 0.236111 0.368285
