21 0.538672 0.434722 0.567969 0.269444 0.454999
21 0.537109 0.431944 0.564844 0.263889 0.560587
21 0.537109 0.431944 0.564844 0.261111 0.47046
21 0.539062 0.433333 0.56875 0.266667 0.51342
21 0.5375 0.431944 0.565625 0.261111 0.632613
21 0.537891 0.43125 0.563281 0.256944 0.534632
21 0.539453 0.434028 0.567969 0.265278 0.519158
21 0.537891 0.43125 0.566406 0.259722 0.63499
21 0.537891 0.431944 0.563281 0.258333 0.544168
21 0.43125 0.425 0.35625 0.241667 0.253984
21 0.433594 0.427778 0.35625 0.247222 0.264642
21 0.43125 0.426389 0.360938 0.238889 0.430221
21 0.434375 0.427778 0.3625 0.244444 0.346955
21 0.431641 0.423611 0.361719 0.236111 0.250226
