21 0.538672 0.432639 0.567969 0.265278 0.574231
21 0.537109 0.431944 0.566406 0.261111 0.684522
21 0.5375 0.43125 0.565625 0.259722 0.571788
58 0.745703 0.163194 0.327344 0.326389 0.266141
58 0.742969 0.159722 0.328125 0.319444 0.304593
21 0.539062 0.431944 0.56875 0.263889 0.628475
21 0.537891 0.43125 0.567969 0.259722 0.74422
21 0.537891 0.43125 0.564844 0.254167 0.634828
58 0.745703 0.161806 0.327344 0.323611 0.27154
58 0.742969 0.159028 0.326562 0.318056 0.308446
58 0.741016 0.155556 0.324219 0.308333 0.252412
21 0.539453 0.432639 0.567969 0.2625 0.635047
21 0.537891 0.43125 0.567969 0.256944 0.74557
21 0.537891 0.43125 0.564844 0.256944 0.643878
58 0.746094 0.1625 0.328125 0.322222 0.272892
58 0.742578 0.158333 0.325781 0.316667 0.308772
58 0.740625 0.155556 0.323438 0.308333 0.25391
21 0.433984 0.426389 0.364844 0.238889 0.324371
58 0.739453 0.154167 0.324219 0.308333 0.254443
