21 0.536719 0.434028 0.567187 0.270833 0.53084
21 0.535547 0.432639 0.564844 0.265278 0.655109
21 0.536328 0.432639 0.564844 0.2625 0.565143
21 0.537109 0.433333 0.567969 0.269444 0.587386
21 0.535937 0.431944 0.565625 0.263889 0.721121
21 0.536328 0.431944 0.563281 0.258333 0.628775
21 0.537109 0.434028 0.567969 0.268056 0.593262
21 0.536328 0.432639 0.566406 0.2625 0.722484
21 0.536328 0.431944 0.563281 0.261111 0.639039
21 0.433203 0.430556 0.358594 0.25 0.289135
21 0.428125 0.430556 0.364062 0.247222 0.348982
21 0.433984 0.43125 0.366406 0.248611 0.415911
