21 0.536719 0.468056 0.565625 0.341667 0.410475
21 0.537109 0.454167 0.564844 0.308333 0.621829
21 0.536328 0.451389 0.564844 0.302778 0.75144
21 0.537109 0.438194 0.564844 0.273611 0.393906
58 0.7375 0.152778 0.321875 0.305556 0.252956
21 0.537109 0.468056 0.566406 0.341667 0.404042
21 0.537891 0.451389 0.564844 0.302778 0.675199
21 0.535937 0.448611 0.564062 0.294444 0.804659
21 0.536719 0.436111 0.564062 0.266667 0.447726
58 0.7375 0.151389 0.320312 0.302778 0.256142
21 0.537109 0.46875 0.566406 0.343056 0.411919
21 0.537891 0.453472 0.564844 0.304167 0.679345
21 0.536328 0.448611 0.564844 0.294444 0.806474
21 0.537109 0.4375 0.563281 0.269444 0.464762
58 0.737109 0.151389 0.319531 0.302778 0.256028
